# Blender 4.2.2 LTS
# www.blender.org
mtllib floorsalt.mtl
o Cube
v -1.212217 1.000000 0.728375
v -1.212217 -1.000000 0.728375
v -0.728375 1.000000 -1.212217
v -0.728375 -1.000000 -1.212217
v 0.728375 1.000000 1.212217
v 0.728375 -1.000000 1.212217
v 1.212217 1.000000 -0.728375
v 1.212217 -1.000000 -0.728375
vn -0.0000 1.0000 -0.0000
vn 0.2419 -0.0000 -0.9703
vn 0.9703 -0.0000 0.2419
vn -0.0000 -1.0000 -0.0000
vn -0.9703 -0.0000 -0.2419
vn -0.2419 -0.0000 0.9703
vt 0.625000 0.500000
vt 0.875000 0.500000
vt 0.875000 0.750000
vt 0.625000 0.750000
vt 0.375000 0.750000
vt 0.625000 1.000000
vt 0.375000 1.000000
vt 0.375000 0.000000
vt 0.625000 0.000000
vt 0.625000 0.250000
vt 0.375000 0.250000
vt 0.125000 0.500000
vt 0.375000 0.500000
vt 0.125000 0.750000
s 0
usemtl Material
f 1/1/1 5/2/1 7/3/1 3/4/1
f 4/5/2 3/4/2 7/6/2 8/7/2
f 8/8/3 7/9/3 5/10/3 6/11/3
f 6/12/4 2/13/4 4/5/4 8/14/4
f 2/13/5 1/1/5 3/4/5 4/5/5
f 6/11/6 5/10/6 1/1/6 2/13/6
o Cube.001
v 1.392729 1.000000 -9.006480
v 1.392729 -1.000000 -9.006480
v 0.245576 1.000000 -7.368176
v 0.245576 -1.000000 -7.368176
v -0.245576 1.000000 -10.153633
v -0.245576 -1.000000 -10.153633
v -1.392729 1.000000 -8.515328
v -1.392729 -1.000000 -8.515328
vn -0.0000 1.0000 -0.0000
vn -0.5736 -0.0000 0.8192
vn -0.8192 -0.0000 -0.5736
vn -0.0000 -1.0000 -0.0000
vn 0.8192 -0.0000 0.5736
vn 0.5736 -0.0000 -0.8192
vt 0.625000 0.500000
vt 0.875000 0.500000
vt 0.875000 0.750000
vt 0.625000 0.750000
vt 0.375000 0.750000
vt 0.625000 1.000000
vt 0.375000 1.000000
vt 0.375000 0.000000
vt 0.625000 0.000000
vt 0.625000 0.250000
vt 0.375000 0.250000
vt 0.125000 0.500000
vt 0.375000 0.500000
vt 0.125000 0.750000
s 0
usemtl Material.001
f 9/15/7 13/16/7 15/17/7 11/18/7
f 12/19/8 11/18/8 15/20/8 16/21/8
f 16/22/9 15/23/9 13/24/9 14/25/9
f 14/26/10 10/27/10 12/19/10 16/28/10
f 10/27/11 9/15/11 11/18/11 12/19/11
f 14/25/12 13/24/12 9/15/12 10/27/12
o Cube.002
v -12.677370 1.000000 -7.368176
v -12.677370 -1.000000 -7.368176
v -14.315675 1.000000 -8.515328
v -14.315675 -1.000000 -8.515328
v -11.530217 1.000000 -9.006480
v -11.530217 -1.000000 -9.006480
v -13.168522 1.000000 -10.153633
v -13.168522 -1.000000 -10.153633
vn -0.0000 1.0000 -0.0000
vn -0.8192 -0.0000 -0.5736
vn 0.5736 -0.0000 -0.8192
vn -0.0000 -1.0000 -0.0000
vn -0.5736 -0.0000 0.8192
vn 0.8192 -0.0000 0.5736
vt 0.625000 0.500000
vt 0.875000 0.500000
vt 0.875000 0.750000
vt 0.625000 0.750000
vt 0.375000 0.750000
vt 0.625000 1.000000
vt 0.375000 1.000000
vt 0.375000 0.000000
vt 0.625000 0.000000
vt 0.625000 0.250000
vt 0.375000 0.250000
vt 0.125000 0.500000
vt 0.375000 0.500000
vt 0.125000 0.750000
s 0
usemtl Material.002
f 17/29/13 21/30/13 23/31/13 19/32/13
f 20/33/14 19/32/14 23/34/14 24/35/14
f 24/36/15 23/37/15 21/38/15 22/39/15
f 22/40/16 18/41/16 20/33/16 24/42/16
f 18/41/17 17/29/17 19/32/17 20/33/17
f 22/39/18 21/38/18 17/29/18 18/41/18
o Cube.003
v -9.492647 1.000000 -3.455251
v -9.492647 -1.000000 -3.455251
v -7.983228 1.000000 -2.143133
v -7.983228 -1.000000 -2.143133
v -10.804765 1.000000 -1.945832
v -10.804765 -1.000000 -1.945832
v -9.295345 1.000000 -0.633714
v -9.295345 -1.000000 -0.633714
vn -0.0000 1.0000 -0.0000
vn 0.7547 -0.0000 0.6561
vn -0.6561 -0.0000 0.7547
vn -0.0000 -1.0000 -0.0000
vn 0.6561 -0.0000 -0.7547
vn -0.7547 -0.0000 -0.6561
vt 0.625000 0.500000
vt 0.875000 0.500000
vt 0.875000 0.750000
vt 0.625000 0.750000
vt 0.375000 0.750000
vt 0.625000 1.000000
vt 0.375000 1.000000
vt 0.375000 0.000000
vt 0.625000 0.000000
vt 0.625000 0.250000
vt 0.375000 0.250000
vt 0.125000 0.500000
vt 0.375000 0.500000
vt 0.125000 0.750000
s 0
usemtl Material.003
f 25/43/19 29/44/19 31/45/19 27/46/19
f 28/47/20 27/46/20 31/48/20 32/49/20
f 32/50/21 31/51/21 29/52/21 30/53/21
f 30/54/22 26/55/22 28/47/22 32/56/22
f 26/55/23 25/43/23 27/46/23 28/47/23
f 30/53/24 29/52/24 25/43/24 26/55/24
o Cube.004
v -1.463835 1.000000 -5.702618
v -1.463835 -1.000000 -5.702618
v -2.277308 1.000000 -3.875527
v -2.277308 -1.000000 -3.875527
v -3.290926 1.000000 -6.516091
v -3.290926 -1.000000 -6.516091
v -4.104399 1.000000 -4.689000
v -4.104399 -1.000000 -4.689000
vn -0.0000 1.0000 -0.0000
vn -0.4067 -0.0000 0.9135
vn -0.9135 -0.0000 -0.4067
vn -0.0000 -1.0000 -0.0000
vn 0.9135 -0.0000 0.4067
vn 0.4067 -0.0000 -0.9135
vt 0.625000 0.500000
vt 0.875000 0.500000
vt 0.875000 0.750000
vt 0.625000 0.750000
vt 0.375000 0.750000
vt 0.625000 1.000000
vt 0.375000 1.000000
vt 0.375000 0.000000
vt 0.625000 0.000000
vt 0.625000 0.250000
vt 0.375000 0.250000
vt 0.125000 0.500000
vt 0.375000 0.500000
vt 0.125000 0.750000
s 0
usemtl Material.004
f 33/57/25 37/58/25 39/59/25 35/60/25
f 36/61/26 35/60/26 39/62/26 40/63/26
f 40/64/27 39/65/27 37/66/27 38/67/27
f 38/68/28 34/69/28 36/61/28 40/70/28
f 34/69/29 33/57/29 35/60/29 36/61/29
f 38/67/30 37/66/30 33/57/30 34/69/30
o Cube.005
v -5.278776 1.000000 -12.876722
v -5.278776 -1.000000 -12.876722
v -5.348575 1.000000 -10.877941
v -5.348575 -1.000000 -10.877941
v -7.277558 1.000000 -12.946522
v -7.277558 -1.000000 -12.946522
v -7.347357 1.000000 -10.947741
v -7.347357 -1.000000 -10.947741
vn -0.0000 1.0000 -0.0000
vn -0.0349 -0.0000 0.9994
vn -0.9994 -0.0000 -0.0349
vn -0.0000 -1.0000 -0.0000
vn 0.9994 -0.0000 0.0349
vn 0.0349 -0.0000 -0.9994
vt 0.625000 0.500000
vt 0.875000 0.500000
vt 0.875000 0.750000
vt 0.625000 0.750000
vt 0.375000 0.750000
vt 0.625000 1.000000
vt 0.375000 1.000000
vt 0.375000 0.000000
vt 0.625000 0.000000
vt 0.625000 0.250000
vt 0.375000 0.250000
vt 0.125000 0.500000
vt 0.375000 0.500000
vt 0.125000 0.750000
s 0
usemtl Material.005
f 41/71/31 45/72/31 47/73/31 43/74/31
f 44/75/32 43/74/32 47/76/32 48/77/32
f 48/78/33 47/79/33 45/80/33 46/81/33
f 46/82/34 42/83/34 44/75/34 48/84/34
f 42/83/35 41/71/35 43/74/35 44/75/35
f 46/81/36 45/80/36 41/71/36 42/83/36
o Cube.006
v 5.196527 1.000000 -11.862876
v 5.196527 -1.000000 -11.862876
v 6.560524 1.000000 -13.325583
v 6.560524 -1.000000 -13.325583
v 6.659235 1.000000 -10.498879
v 6.659235 -1.000000 -10.498879
v 8.023232 1.000000 -11.961587
v 8.023232 -1.000000 -11.961587
vn -0.0000 1.0000 -0.0000
vn 0.6820 -0.0000 -0.7314
vn 0.7314 -0.0000 0.6820
vn -0.0000 -1.0000 -0.0000
vn -0.7314 -0.0000 -0.6820
vn -0.6820 -0.0000 0.7314
vt 0.625000 0.500000
vt 0.875000 0.500000
vt 0.875000 0.750000
vt 0.625000 0.750000
vt 0.375000 0.750000
vt 0.625000 1.000000
vt 0.375000 1.000000
vt 0.375000 0.000000
vt 0.625000 0.000000
vt 0.625000 0.250000
vt 0.375000 0.250000
vt 0.125000 0.500000
vt 0.375000 0.500000
vt 0.125000 0.750000
s 0
usemtl Material.006
f 49/85/37 53/86/37 55/87/37 51/88/37
f 52/89/38 51/88/38 55/90/38 56/91/38
f 56/92/39 55/93/39 53/94/39 54/95/39
f 54/96/40 50/97/40 52/89/40 56/98/40
f 50/97/41 49/85/41 51/88/41 52/89/41
f 54/95/42 53/94/42 49/85/42 50/97/42
o Cube.007
v 6.831113 1.000000 -1.754525
v 6.831113 -1.000000 -1.754525
v 5.213078 1.000000 -2.930093
v 5.213078 -1.000000 -2.930093
v 8.006681 1.000000 -3.372560
v 8.006681 -1.000000 -3.372560
v 6.388646 1.000000 -4.548129
v 6.388646 -1.000000 -4.548129
vn -0.0000 1.0000 -0.0000
vn -0.8090 -0.0000 -0.5878
vn 0.5878 -0.0000 -0.8090
vn -0.0000 -1.0000 -0.0000
vn -0.5878 -0.0000 0.8090
vn 0.8090 -0.0000 0.5878
vt 0.625000 0.500000
vt 0.875000 0.500000
vt 0.875000 0.750000
vt 0.625000 0.750000
vt 0.375000 0.750000
vt 0.625000 1.000000
vt 0.375000 1.000000
vt 0.375000 0.000000
vt 0.625000 0.000000
vt 0.625000 0.250000
vt 0.375000 0.250000
vt 0.125000 0.500000
vt 0.375000 0.500000
vt 0.125000 0.750000
s 0
usemtl Material.007
f 57/99/43 61/100/43 63/101/43 59/102/43
f 60/103/44 59/102/44 63/104/44 64/105/44
f 64/106/45 63/107/45 61/108/45 62/109/45
f 62/110/46 58/111/46 60/103/46 64/112/46
f 58/111/47 57/99/47 59/102/47 60/103/47
f 62/109/48 61/108/48 57/99/48 58/111/48
o Cube.008
v 0.373410 1.000000 -21.777912
v 0.373410 -1.000000 -21.777912
v -1.626383 1.000000 -21.806648
v -1.626383 -1.000000 -21.806648
v 0.402146 1.000000 -23.777706
v 0.402146 -1.000000 -23.777706
v -1.597648 1.000000 -23.806442
v -1.597648 -1.000000 -23.806442
vn -0.0000 1.0000 -0.0000
vn -0.9999 -0.0000 -0.0144
vn 0.0144 -0.0000 -0.9999
vn -0.0000 -1.0000 -0.0000
vn -0.0144 -0.0000 0.9999
vn 0.9999 -0.0000 0.0144
vt 0.625000 0.500000
vt 0.875000 0.500000
vt 0.875000 0.750000
vt 0.625000 0.750000
vt 0.375000 0.750000
vt 0.625000 1.000000
vt 0.375000 1.000000
vt 0.375000 0.000000
vt 0.625000 0.000000
vt 0.625000 0.250000
vt 0.375000 0.250000
vt 0.125000 0.500000
vt 0.375000 0.500000
vt 0.125000 0.750000
s 0
usemtl Material.008
f 65/113/49 69/114/49 71/115/49 67/116/49
f 68/117/50 67/116/50 71/118/50 72/119/50
f 72/120/51 71/121/51 69/122/51 70/123/51
f 70/124/52 66/125/52 68/117/52 72/126/52
f 66/125/53 65/113/53 67/116/53 68/117/53
f 70/123/54 69/122/54 65/113/54 66/125/54
o Cube.009
v -6.786086 1.000000 -29.098583
v -6.786086 -1.000000 -29.098583
v -6.513849 1.000000 -31.079969
v -6.513849 -1.000000 -31.079969
v -4.804701 1.000000 -28.826345
v -4.804701 -1.000000 -28.826345
v -4.532464 1.000000 -30.807732
v -4.532464 -1.000000 -30.807732
vn -0.0000 1.0000 -0.0000
vn 0.1361 -0.0000 -0.9907
vn 0.9907 -0.0000 0.1361
vn -0.0000 -1.0000 -0.0000
vn -0.9907 -0.0000 -0.1361
vn -0.1361 -0.0000 0.9907
vt 0.625000 0.500000
vt 0.875000 0.500000
vt 0.875000 0.750000
vt 0.625000 0.750000
vt 0.375000 0.750000
vt 0.625000 1.000000
vt 0.375000 1.000000
vt 0.375000 0.000000
vt 0.625000 0.000000
vt 0.625000 0.250000
vt 0.375000 0.250000
vt 0.125000 0.500000
vt 0.375000 0.500000
vt 0.125000 0.750000
s 0
usemtl Material.009
f 73/127/55 77/128/55 79/129/55 75/130/55
f 76/131/56 75/130/56 79/132/56 80/133/56
f 80/134/57 79/135/57 77/136/57 78/137/57
f 78/138/58 74/139/58 76/131/58 80/140/58
f 74/139/59 73/127/59 75/130/59 76/131/59
f 78/137/60 77/136/60 73/127/60 74/139/60
o Cube.010
v -15.932457 1.000000 -23.892460
v -15.932457 -1.000000 -23.892460
v -14.838012 1.000000 -22.218485
v -14.838012 -1.000000 -22.218485
v -17.606432 1.000000 -22.798014
v -17.606432 -1.000000 -22.798014
v -16.511986 1.000000 -21.124039
v -16.511986 -1.000000 -21.124039
vn -0.0000 1.0000 -0.0000
vn 0.5472 -0.0000 0.8370
vn -0.8370 -0.0000 0.5472
vn -0.0000 -1.0000 -0.0000
vn 0.8370 -0.0000 -0.5472
vn -0.5472 -0.0000 -0.8370
vt 0.625000 0.500000
vt 0.875000 0.500000
vt 0.875000 0.750000
vt 0.625000 0.750000
vt 0.375000 0.750000
vt 0.625000 1.000000
vt 0.375000 1.000000
vt 0.375000 0.000000
vt 0.625000 0.000000
vt 0.625000 0.250000
vt 0.375000 0.250000
vt 0.125000 0.500000
vt 0.375000 0.500000
vt 0.125000 0.750000
s 0
usemtl Material.010
f 81/141/61 85/142/61 87/143/61 83/144/61
f 84/145/62 83/144/62 87/146/62 88/147/62
f 88/148/63 87/149/63 85/150/63 86/151/63
f 86/152/64 82/153/64 84/145/64 88/154/64
f 82/153/65 81/141/65 83/144/65 84/145/65
f 86/151/66 85/150/66 81/141/66 82/153/66
o Cube.011
v -8.681204 1.000000 -20.226284
v -8.681204 -1.000000 -20.226284
v -8.293533 1.000000 -18.264215
v -8.293533 -1.000000 -18.264215
v -10.643272 1.000000 -19.838614
v -10.643272 -1.000000 -19.838614
v -10.255602 1.000000 -17.876545
v -10.255602 -1.000000 -17.876545
vn -0.0000 1.0000 -0.0000
vn 0.1938 -0.0000 0.9810
vn -0.9810 -0.0000 0.1938
vn -0.0000 -1.0000 -0.0000
vn 0.9810 -0.0000 -0.1938
vn -0.1938 -0.0000 -0.9810
vt 0.625000 0.500000
vt 0.875000 0.500000
vt 0.875000 0.750000
vt 0.625000 0.750000
vt 0.375000 0.750000
vt 0.625000 1.000000
vt 0.375000 1.000000
vt 0.375000 0.000000
vt 0.625000 0.000000
vt 0.625000 0.250000
vt 0.375000 0.250000
vt 0.125000 0.500000
vt 0.375000 0.500000
vt 0.125000 0.750000
s 0
usemtl Material.011
f 89/155/67 93/156/67 95/157/67 91/158/67
f 92/159/68 91/158/68 95/160/68 96/161/68
f 96/162/69 95/163/69 93/164/69 94/165/69
f 94/166/70 90/167/70 92/159/70 96/168/70
f 90/167/71 89/155/71 91/158/71 92/159/71
f 94/165/72 93/164/72 89/155/72 90/167/72
o Cube.012
v -13.949080 1.000000 -13.763933
v -13.949080 -1.000000 -13.763933
v -11.959401 1.000000 -13.561011
v -11.959401 -1.000000 -13.561011
v -14.152001 1.000000 -11.774255
v -14.152001 -1.000000 -11.774255
v -12.162323 1.000000 -11.571333
v -12.162323 -1.000000 -11.571333
vn -0.0000 1.0000 -0.0000
vn 0.9948 -0.0000 0.1015
vn -0.1015 -0.0000 0.9948
vn -0.0000 -1.0000 -0.0000
vn 0.1015 -0.0000 -0.9948
vn -0.9948 -0.0000 -0.1015
vt 0.625000 0.500000
vt 0.875000 0.500000
vt 0.875000 0.750000
vt 0.625000 0.750000
vt 0.375000 0.750000
vt 0.625000 1.000000
vt 0.375000 1.000000
vt 0.375000 0.000000
vt 0.625000 0.000000
vt 0.625000 0.250000
vt 0.375000 0.250000
vt 0.125000 0.500000
vt 0.375000 0.500000
vt 0.125000 0.750000
s 0
usemtl Material.012
f 97/169/73 101/170/73 103/171/73 99/172/73
f 100/173/74 99/172/74 103/174/74 104/175/74
f 104/176/75 103/177/75 101/178/75 102/179/75
f 102/180/76 98/181/76 100/173/76 104/182/76
f 98/181/77 97/169/77 99/172/77 100/173/77
f 102/179/78 101/178/78 97/169/78 98/181/78
o Cube.013
v -18.806442 1.000000 -15.127559
v -18.806442 -1.000000 -15.127559
v -20.806433 1.000000 -15.121390
v -20.806433 -1.000000 -15.121390
v -18.812609 1.000000 -17.127548
v -18.812609 -1.000000 -17.127548
v -20.812599 1.000000 -17.121382
v -20.812599 -1.000000 -17.121382
vn -0.0000 1.0000 -0.0000
vn -1.0000 -0.0000 0.0031
vn -0.0031 -0.0000 -1.0000
vn -0.0000 -1.0000 -0.0000
vn 0.0031 -0.0000 1.0000
vn 1.0000 -0.0000 -0.0031
vt 0.625000 0.500000
vt 0.875000 0.500000
vt 0.875000 0.750000
vt 0.625000 0.750000
vt 0.375000 0.750000
vt 0.625000 1.000000
vt 0.375000 1.000000
vt 0.375000 0.000000
vt 0.625000 0.000000
vt 0.625000 0.250000
vt 0.375000 0.250000
vt 0.125000 0.500000
vt 0.375000 0.500000
vt 0.125000 0.750000
s 0
usemtl Material.013
f 105/183/79 109/184/79 111/185/79 107/186/79
f 108/187/80 107/186/80 111/188/80 112/189/80
f 112/190/81 111/191/81 109/192/81 110/193/81
f 110/194/82 106/195/82 108/187/82 112/196/82
f 106/195/83 105/183/83 107/186/83 108/187/83
f 110/193/84 109/192/84 105/183/84 106/195/84
o Cube.014
v -8.249663 1.000000 -24.572456
v -8.249663 -1.000000 -24.572456
v -8.243495 1.000000 -22.572466
v -8.243495 -1.000000 -22.572466
v -10.249654 1.000000 -24.566290
v -10.249654 -1.000000 -24.566290
v -10.243485 1.000000 -22.566299
v -10.243485 -1.000000 -22.566299
vn -0.0000 1.0000 -0.0000
vn 0.0031 -0.0000 1.0000
vn -1.0000 -0.0000 0.0031
vn -0.0000 -1.0000 -0.0000
vn 1.0000 -0.0000 -0.0031
vn -0.0031 -0.0000 -1.0000
vt 0.625000 0.500000
vt 0.875000 0.500000
vt 0.875000 0.750000
vt 0.625000 0.750000
vt 0.375000 0.750000
vt 0.625000 1.000000
vt 0.375000 1.000000
vt 0.375000 0.000000
vt 0.625000 0.000000
vt 0.625000 0.250000
vt 0.375000 0.250000
vt 0.125000 0.500000
vt 0.375000 0.500000
vt 0.125000 0.750000
s 0
usemtl Material.014
f 113/197/85 117/198/85 119/199/85 115/200/85
f 116/201/86 115/200/86 119/202/86 120/203/86
f 120/204/87 119/205/87 117/206/87 118/207/87
f 118/208/88 114/209/88 116/201/88 120/210/88
f 114/209/89 113/197/89 115/200/89 116/201/89
f 118/207/90 117/206/90 113/197/90 114/209/90
o Cube.015
v -4.770641 1.000000 -15.114681
v -4.770641 -1.000000 -15.114681
v -5.493134 1.000000 -16.979622
v -5.493134 -1.000000 -16.979622
v -2.905700 1.000000 -15.837173
v -2.905700 -1.000000 -15.837173
v -3.628193 1.000000 -17.702114
v -3.628193 -1.000000 -17.702114
vn -0.0000 1.0000 -0.0000
vn -0.3612 -0.0000 -0.9325
vn 0.9325 -0.0000 -0.3612
vn -0.0000 -1.0000 -0.0000
vn -0.9325 -0.0000 0.3612
vn 0.3612 -0.0000 0.9325
vt 0.625000 0.500000
vt 0.875000 0.500000
vt 0.875000 0.750000
vt 0.625000 0.750000
vt 0.375000 0.750000
vt 0.625000 1.000000
vt 0.375000 1.000000
vt 0.375000 0.000000
vt 0.625000 0.000000
vt 0.625000 0.250000
vt 0.375000 0.250000
vt 0.125000 0.500000
vt 0.375000 0.500000
vt 0.125000 0.750000
s 0
usemtl Material.015
f 121/211/91 125/212/91 127/213/91 123/214/91
f 124/215/92 123/214/92 127/216/92 128/217/92
f 128/218/93 127/219/93 125/220/93 126/221/93
f 126/222/94 122/223/94 124/215/94 128/224/94
f 122/223/95 121/211/95 123/214/95 124/215/95
f 126/221/96 125/220/96 121/211/96 122/223/96
o Cube.016
v 11.962016 1.000000 -23.921299
v 11.962016 -1.000000 -23.921299
v 10.163036 1.000000 -24.795181
v 10.163036 -1.000000 -24.795181
v 12.835899 1.000000 -25.720280
v 12.835899 -1.000000 -25.720280
v 11.036920 1.000000 -26.594162
v 11.036920 -1.000000 -26.594162
vn -0.0000 1.0000 -0.0000
vn -0.8995 -0.0000 -0.4369
vn 0.4369 -0.0000 -0.8995
vn -0.0000 -1.0000 -0.0000
vn -0.4369 -0.0000 0.8995
vn 0.8995 -0.0000 0.4369
vt 0.625000 0.500000
vt 0.875000 0.500000
vt 0.875000 0.750000
vt 0.625000 0.750000
vt 0.375000 0.750000
vt 0.625000 1.000000
vt 0.375000 1.000000
vt 0.375000 0.000000
vt 0.625000 0.000000
vt 0.625000 0.250000
vt 0.375000 0.250000
vt 0.125000 0.500000
vt 0.375000 0.500000
vt 0.125000 0.750000
s 0
usemtl Material.016
f 129/225/97 133/226/97 135/227/97 131/228/97
f 132/229/98 131/228/98 135/230/98 136/231/98
f 136/232/99 135/233/99 133/234/99 134/235/99
f 134/236/100 130/237/100 132/229/100 136/238/100
f 130/237/101 129/225/101 131/228/101 132/229/101
f 134/235/102 133/234/102 129/225/102 130/237/102
o Cube.017
v 8.581606 1.000000 -33.586884
v 8.581606 -1.000000 -33.586884
v 9.668219 1.000000 -35.265949
v 9.668219 -1.000000 -35.265949
v 10.260675 1.000000 -32.500271
v 10.260675 -1.000000 -32.500271
v 11.347288 1.000000 -34.179337
v 11.347288 -1.000000 -34.179337
vn -0.0000 1.0000 -0.0000
vn 0.5433 -0.0000 -0.8395
vn 0.8395 -0.0000 0.5433
vn -0.0000 -1.0000 -0.0000
vn -0.8395 -0.0000 -0.5433
vn -0.5433 -0.0000 0.8395
vt 0.625000 0.500000
vt 0.875000 0.500000
vt 0.875000 0.750000
vt 0.625000 0.750000
vt 0.375000 0.750000
vt 0.625000 1.000000
vt 0.375000 1.000000
vt 0.375000 0.000000
vt 0.625000 0.000000
vt 0.625000 0.250000
vt 0.375000 0.250000
vt 0.125000 0.500000
vt 0.375000 0.500000
vt 0.125000 0.750000
s 0
usemtl Material.017
f 137/239/103 141/240/103 143/241/103 139/242/103
f 140/243/104 139/242/104 143/244/104 144/245/104
f 144/246/105 143/247/105 141/248/105 142/249/105
f 142/250/106 138/251/106 140/243/106 144/252/106
f 138/251/107 137/239/107 139/242/107 140/243/107
f 142/249/108 141/248/108 137/239/108 138/251/108
o Cube.018
v 3.103631 1.000000 -26.354939
v 3.103631 -1.000000 -26.354939
v 2.622870 1.000000 -24.413580
v 2.622870 -1.000000 -24.413580
v 1.162273 1.000000 -26.835699
v 1.162273 -1.000000 -26.835699
v 0.681513 1.000000 -24.894341
v 0.681513 -1.000000 -24.894341
vn -0.0000 1.0000 -0.0000
vn -0.2404 -0.0000 0.9707
vn -0.9707 -0.0000 -0.2404
vn -0.0000 -1.0000 -0.0000
vn 0.9707 -0.0000 0.2404
vn 0.2404 -0.0000 -0.9707
vt 0.625000 0.500000
vt 0.875000 0.500000
vt 0.875000 0.750000
vt 0.625000 0.750000
vt 0.375000 0.750000
vt 0.625000 1.000000
vt 0.375000 1.000000
vt 0.375000 0.000000
vt 0.625000 0.000000
vt 0.625000 0.250000
vt 0.375000 0.250000
vt 0.125000 0.500000
vt 0.375000 0.500000
vt 0.125000 0.750000
s 0
usemtl Material.018
f 145/253/109 149/254/109 151/255/109 147/256/109
f 148/257/110 147/256/110 151/258/110 152/259/110
f 152/260/111 151/261/111 149/262/111 150/263/111
f 150/264/112 146/265/112 148/257/112 152/266/112
f 146/265/113 145/253/113 147/256/113 148/257/113
f 150/263/114 149/262/114 145/253/114 146/265/114
o Cube.019
v 5.337127 1.000000 -30.108196
v 5.337127 -1.000000 -30.108196
v 4.494771 1.000000 -28.294241
v 4.494771 -1.000000 -28.294241
v 3.523171 1.000000 -30.950552
v 3.523171 -1.000000 -30.950552
v 2.680815 1.000000 -29.136597
v 2.680815 -1.000000 -29.136597
vn -0.0000 1.0000 -0.0000
vn -0.4212 -0.0000 0.9070
vn -0.9070 -0.0000 -0.4212
vn -0.0000 -1.0000 -0.0000
vn 0.9070 -0.0000 0.4212
vn 0.4212 -0.0000 -0.9070
vt 0.625000 0.500000
vt 0.875000 0.500000
vt 0.875000 0.750000
vt 0.625000 0.750000
vt 0.375000 0.750000
vt 0.625000 1.000000
vt 0.375000 1.000000
vt 0.375000 0.000000
vt 0.625000 0.000000
vt 0.625000 0.250000
vt 0.375000 0.250000
vt 0.125000 0.500000
vt 0.375000 0.500000
vt 0.125000 0.750000
s 0
usemtl Material.019
f 153/267/115 157/268/115 159/269/115 155/270/115
f 156/271/116 155/270/116 159/272/116 160/273/116
f 160/274/117 159/275/117 157/276/117 158/277/117
f 158/278/118 154/279/118 156/271/118 160/280/118
f 154/279/119 153/267/119 155/270/119 156/271/119
f 158/277/120 157/276/120 153/267/120 154/279/120
o Cube.020
v 4.478146 1.000000 -20.067516
v 4.478146 -1.000000 -20.067516
v 4.614488 1.000000 -22.062864
v 4.614488 -1.000000 -22.062864
v 6.473493 1.000000 -19.931173
v 6.473493 -1.000000 -19.931173
v 6.609835 1.000000 -21.926521
v 6.609835 -1.000000 -21.926521
vn -0.0000 1.0000 -0.0000
vn 0.0682 -0.0000 -0.9977
vn 0.9977 -0.0000 0.0682
vn -0.0000 -1.0000 -0.0000
vn -0.9977 -0.0000 -0.0682
vn -0.0682 -0.0000 0.9977
vt 0.625000 0.500000
vt 0.875000 0.500000
vt 0.875000 0.750000
vt 0.625000 0.750000
vt 0.375000 0.750000
vt 0.625000 1.000000
vt 0.375000 1.000000
vt 0.375000 0.000000
vt 0.625000 0.000000
vt 0.625000 0.250000
vt 0.375000 0.250000
vt 0.125000 0.500000
vt 0.375000 0.500000
vt 0.125000 0.750000
s 0
usemtl Material.020
f 161/281/121 165/282/121 167/283/121 163/284/121
f 164/285/122 163/284/122 167/286/122 168/287/122
f 168/288/123 167/289/123 165/290/123 166/291/123
f 166/292/124 162/293/124 164/285/124 168/294/124
f 162/293/125 161/281/125 163/284/125 164/285/125
f 166/291/126 165/290/126 161/281/126 162/293/126
o Cube.021
v -11.054648 1.000000 6.597807
v -11.054648 -1.000000 6.597807
v -13.022663 1.000000 6.954067
v -13.022663 -1.000000 6.954067
v -11.410908 1.000000 4.629794
v -11.410908 -1.000000 4.629794
v -13.378922 1.000000 4.986053
v -13.378922 -1.000000 4.986053
vn -0.0000 1.0000 -0.0000
vn -0.9840 -0.0000 0.1781
vn -0.1781 -0.0000 -0.9840
vn -0.0000 -1.0000 -0.0000
vn 0.1781 -0.0000 0.9840
vn 0.9840 -0.0000 -0.1781
vt 0.625000 0.500000
vt 0.875000 0.500000
vt 0.875000 0.750000
vt 0.625000 0.750000
vt 0.375000 0.750000
vt 0.625000 1.000000
vt 0.375000 1.000000
vt 0.375000 0.000000
vt 0.625000 0.000000
vt 0.625000 0.250000
vt 0.375000 0.250000
vt 0.125000 0.500000
vt 0.375000 0.500000
vt 0.125000 0.750000
s 0
usemtl Material.021
f 169/295/127 173/296/127 175/297/127 171/298/127
f 172/299/128 171/298/128 175/300/128 176/301/128
f 176/302/129 175/303/129 173/304/129 174/305/129
f 174/306/130 170/307/130 172/299/130 176/308/130
f 170/307/131 169/295/131 171/298/131 172/299/131
f 174/305/132 173/304/132 169/295/132 170/307/132
o Cube.024
v -25.167191 1.000000 5.928687
v -25.167191 -1.000000 5.928687
v -27.061172 1.000000 5.286165
v -27.061172 -1.000000 5.286165
v -24.524670 1.000000 4.034705
v -24.524670 -1.000000 4.034705
v -26.418652 1.000000 3.392184
v -26.418652 -1.000000 3.392184
vn -0.0000 1.0000 -0.0000
vn -0.9470 -0.0000 -0.3213
vn 0.3213 -0.0000 -0.9470
vn -0.0000 -1.0000 -0.0000
vn -0.3213 -0.0000 0.9470
vn 0.9470 -0.0000 0.3213
vt 0.625000 0.500000
vt 0.875000 0.500000
vt 0.875000 0.750000
vt 0.625000 0.750000
vt 0.375000 0.750000
vt 0.625000 1.000000
vt 0.375000 1.000000
vt 0.375000 0.000000
vt 0.625000 0.000000
vt 0.625000 0.250000
vt 0.375000 0.250000
vt 0.125000 0.500000
vt 0.375000 0.500000
vt 0.125000 0.750000
s 0
usemtl Material.024
f 177/309/133 181/310/133 183/311/133 179/312/133
f 180/313/134 179/312/134 183/314/134 184/315/134
f 184/316/135 183/317/135 181/318/135 182/319/135
f 182/320/136 178/321/136 180/313/136 184/322/136
f 178/321/137 177/309/137 179/312/137 180/313/137
f 182/319/138 181/318/138 177/309/138 178/321/138
o Cube.025
v -16.623201 1.000000 0.285029
v -16.623201 -1.000000 0.285029
v -17.030111 1.000000 2.243197
v -17.030111 -1.000000 2.243197
v -18.581369 1.000000 -0.121882
v -18.581369 -1.000000 -0.121882
v -18.988279 1.000000 1.836287
v -18.988279 -1.000000 1.836287
vn -0.0000 1.0000 -0.0000
vn -0.2035 -0.0000 0.9791
vn -0.9791 -0.0000 -0.2035
vn -0.0000 -1.0000 -0.0000
vn 0.9791 -0.0000 0.2035
vn 0.2035 -0.0000 -0.9791
vt 0.625000 0.500000
vt 0.875000 0.500000
vt 0.875000 0.750000
vt 0.625000 0.750000
vt 0.375000 0.750000
vt 0.625000 1.000000
vt 0.375000 1.000000
vt 0.375000 0.000000
vt 0.625000 0.000000
vt 0.625000 0.250000
vt 0.375000 0.250000
vt 0.125000 0.500000
vt 0.375000 0.500000
vt 0.125000 0.750000
s 0
usemtl Material.025
f 185/323/139 189/324/139 191/325/139 187/326/139
f 188/327/140 187/326/140 191/328/140 192/329/140
f 192/330/141 191/331/141 189/332/141 190/333/141
f 190/334/142 186/335/142 188/327/142 192/336/142
f 186/335/143 185/323/143 187/326/143 188/327/143
f 190/333/144 189/332/144 185/323/144 186/335/144
o Cube.026
v -3.988436 1.000000 14.352759
v -3.988436 -1.000000 14.352759
v -5.619772 1.000000 15.509800
v -5.619772 -1.000000 15.509800
v -5.145476 1.000000 12.721424
v -5.145476 -1.000000 12.721424
v -6.776813 1.000000 13.878465
v -6.776813 -1.000000 13.878465
vn -0.0000 1.0000 -0.0000
vn -0.8157 -0.0000 0.5785
vn -0.5785 -0.0000 -0.8157
vn -0.0000 -1.0000 -0.0000
vn 0.5785 -0.0000 0.8157
vn 0.8157 -0.0000 -0.5785
vt 0.625000 0.500000
vt 0.875000 0.500000
vt 0.875000 0.750000
vt 0.625000 0.750000
vt 0.375000 0.750000
vt 0.625000 1.000000
vt 0.375000 1.000000
vt 0.375000 0.000000
vt 0.625000 0.000000
vt 0.625000 0.250000
vt 0.375000 0.250000
vt 0.125000 0.500000
vt 0.375000 0.500000
vt 0.125000 0.750000
s 0
usemtl Material.026
f 193/337/145 197/338/145 199/339/145 195/340/145
f 196/341/146 195/340/146 199/342/146 200/343/146
f 200/344/147 199/345/147 197/346/147 198/347/147
f 198/348/148 194/349/148 196/341/148 200/350/148
f 194/349/149 193/337/149 195/340/149 196/341/149
f 198/347/150 197/346/150 193/337/150 194/349/150
o Cube.027
v -12.306803 1.000000 20.041161
v -12.306803 -1.000000 20.041161
v -10.369173 1.000000 19.545589
v -10.369173 -1.000000 19.545589
v -11.811232 1.000000 21.978790
v -11.811232 -1.000000 21.978790
v -9.873602 1.000000 21.483219
v -9.873602 -1.000000 21.483219
vn -0.0000 1.0000 -0.0000
vn 0.9688 -0.0000 -0.2478
vn 0.2478 -0.0000 0.9688
vn -0.0000 -1.0000 -0.0000
vn -0.2478 -0.0000 -0.9688
vn -0.9688 -0.0000 0.2478
vt 0.625000 0.500000
vt 0.875000 0.500000
vt 0.875000 0.750000
vt 0.625000 0.750000
vt 0.375000 0.750000
vt 0.625000 1.000000
vt 0.375000 1.000000
vt 0.375000 0.000000
vt 0.625000 0.000000
vt 0.625000 0.250000
vt 0.375000 0.250000
vt 0.125000 0.500000
vt 0.375000 0.500000
vt 0.125000 0.750000
s 0
usemtl Material.027
f 201/351/151 205/352/151 207/353/151 203/354/151
f 204/355/152 203/354/152 207/356/152 208/357/152
f 208/358/153 207/359/153 205/360/153 206/361/153
f 206/362/154 202/363/154 204/355/154 208/364/154
f 202/363/155 201/351/155 203/354/155 204/355/155
f 206/361/156 205/360/156 201/351/156 202/363/156
o Cube.029
v -0.431938 1.000000 22.921282
v -0.431938 -1.000000 22.921282
v -0.722257 1.000000 20.942465
v -0.722257 -1.000000 20.942465
v 1.546879 1.000000 22.630964
v 1.546879 -1.000000 22.630964
v 1.256560 1.000000 20.652147
v 1.256560 -1.000000 20.652147
vn -0.0000 1.0000 -0.0000
vn -0.1452 -0.0000 -0.9894
vn 0.9894 -0.0000 -0.1452
vn -0.0000 -1.0000 -0.0000
vn -0.9894 -0.0000 0.1452
vn 0.1452 -0.0000 0.9894
vt 0.625000 0.500000
vt 0.875000 0.500000
vt 0.875000 0.750000
vt 0.625000 0.750000
vt 0.375000 0.750000
vt 0.625000 1.000000
vt 0.375000 1.000000
vt 0.375000 0.000000
vt 0.625000 0.000000
vt 0.625000 0.250000
vt 0.375000 0.250000
vt 0.125000 0.500000
vt 0.375000 0.500000
vt 0.125000 0.750000
s 0
usemtl Material.029
f 209/365/157 213/366/157 215/367/157 211/368/157
f 212/369/158 211/368/158 215/370/158 216/371/158
f 216/372/159 215/373/159 213/374/159 214/375/159
f 214/376/160 210/377/160 212/369/160 216/378/160
f 210/377/161 209/365/161 211/368/161 212/369/161
f 214/375/162 213/374/162 209/365/162 210/377/162
o Cube.030
v -7.987225 1.000000 19.395643
v -7.987225 -1.000000 19.395643
v -6.179754 1.000000 18.539459
v -6.179754 -1.000000 18.539459
v -7.131042 1.000000 21.203114
v -7.131042 -1.000000 21.203114
v -5.323571 1.000000 20.346930
v -5.323571 -1.000000 20.346930
vn -0.0000 1.0000 -0.0000
vn 0.9037 -0.0000 -0.4281
vn 0.4281 -0.0000 0.9037
vn -0.0000 -1.0000 -0.0000
vn -0.4281 -0.0000 -0.9037
vn -0.9037 -0.0000 0.4281
vt 0.625000 0.500000
vt 0.875000 0.500000
vt 0.875000 0.750000
vt 0.625000 0.750000
vt 0.375000 0.750000
vt 0.625000 1.000000
vt 0.375000 1.000000
vt 0.375000 0.000000
vt 0.625000 0.000000
vt 0.625000 0.250000
vt 0.375000 0.250000
vt 0.125000 0.500000
vt 0.375000 0.500000
vt 0.125000 0.750000
s 0
usemtl Material.030
f 217/379/163 221/380/163 223/381/163 219/382/163
f 220/383/164 219/382/164 223/384/164 224/385/164
f 224/386/165 223/387/165 221/388/165 222/389/165
f 222/390/166 218/391/166 220/383/166 224/392/166
f 218/391/167 217/379/167 219/382/167 220/383/167
f 222/389/168 221/388/168 217/379/168 218/391/168
o Cube.032
v -17.053499 1.000000 19.730093
v -17.053499 -1.000000 19.730093
v -19.041243 1.000000 19.951174
v -19.041243 -1.000000 19.951174
v -17.274580 1.000000 17.742350
v -17.274580 -1.000000 17.742350
v -19.262323 1.000000 17.963430
v -19.262323 -1.000000 17.963430
vn -0.0000 1.0000 -0.0000
vn -0.9939 -0.0000 0.1105
vn -0.1105 -0.0000 -0.9939
vn -0.0000 -1.0000 -0.0000
vn 0.1105 -0.0000 0.9939
vn 0.9939 -0.0000 -0.1105
vt 0.625000 0.500000
vt 0.875000 0.500000
vt 0.875000 0.750000
vt 0.625000 0.750000
vt 0.375000 0.750000
vt 0.625000 1.000000
vt 0.375000 1.000000
vt 0.375000 0.000000
vt 0.625000 0.000000
vt 0.625000 0.250000
vt 0.375000 0.250000
vt 0.125000 0.500000
vt 0.375000 0.500000
vt 0.125000 0.750000
s 0
usemtl Material.032
f 225/393/169 229/394/169 231/395/169 227/396/169
f 228/397/170 227/396/170 231/398/170 232/399/170
f 232/400/171 231/401/171 229/402/171 230/403/171
f 230/404/172 226/405/172 228/397/172 232/406/172
f 226/405/173 225/393/173 227/396/173 228/397/173
f 230/403/174 229/402/174 225/393/174 226/405/174
o Cube.033
v -11.708182 1.000000 10.996353
v -11.708182 -1.000000 10.996353
v -11.246500 1.000000 12.942336
v -11.246500 -1.000000 12.942336
v -13.654165 1.000000 11.458035
v -13.654165 -1.000000 11.458035
v -13.192483 1.000000 13.404018
v -13.192483 -1.000000 13.404018
vn -0.0000 1.0000 -0.0000
vn 0.2308 -0.0000 0.9730
vn -0.9730 -0.0000 0.2308
vn -0.0000 -1.0000 -0.0000
vn 0.9730 -0.0000 -0.2308
vn -0.2308 -0.0000 -0.9730
vt 0.625000 0.500000
vt 0.875000 0.500000
vt 0.875000 0.750000
vt 0.625000 0.750000
vt 0.375000 0.750000
vt 0.625000 1.000000
vt 0.375000 1.000000
vt 0.375000 0.000000
vt 0.625000 0.000000
vt 0.625000 0.250000
vt 0.375000 0.250000
vt 0.125000 0.500000
vt 0.375000 0.500000
vt 0.125000 0.750000
s 0
usemtl Material.033
f 233/407/175 237/408/175 239/409/175 235/410/175
f 236/411/176 235/410/176 239/412/176 240/413/176
f 240/414/177 239/415/177 237/416/177 238/417/177
f 238/418/178 234/419/178 236/411/178 240/420/178
f 234/419/179 233/407/179 235/410/179 236/411/179
f 238/417/180 237/416/180 233/407/180 234/419/180
o Cube.034
v 6.125164 1.000000 -0.166522
v 6.125164 -1.000000 -0.166522
v 5.381452 1.000000 1.690058
v 5.381452 -1.000000 1.690058
v 4.268583 1.000000 -0.910234
v 4.268583 -1.000000 -0.910234
v 3.524871 1.000000 0.946347
v 3.524871 -1.000000 0.946347
vn -0.0000 1.0000 -0.0000
vn -0.3719 -0.0000 0.9283
vn -0.9283 -0.0000 -0.3719
vn -0.0000 -1.0000 -0.0000
vn 0.9283 -0.0000 0.3719
vn 0.3719 -0.0000 -0.9283
vt 0.625000 0.500000
vt 0.875000 0.500000
vt 0.875000 0.750000
vt 0.625000 0.750000
vt 0.375000 0.750000
vt 0.625000 1.000000
vt 0.375000 1.000000
vt 0.375000 0.000000
vt 0.625000 0.000000
vt 0.625000 0.250000
vt 0.375000 0.250000
vt 0.125000 0.500000
vt 0.375000 0.500000
vt 0.125000 0.750000
s 0
usemtl Material.034
f 241/421/181 245/422/181 247/423/181 243/424/181
f 244/425/182 243/424/182 247/426/182 248/427/182
f 248/428/183 247/429/183 245/430/183 246/431/183
f 246/432/184 242/433/184 244/425/184 248/434/184
f 242/433/185 241/421/185 243/424/185 244/425/185
f 246/431/186 245/430/186 241/421/186 242/433/186
o Cube.036
v -1.694178 1.000000 14.297590
v -1.694178 -1.000000 14.297590
v 0.260876 1.000000 13.875972
v 0.260876 -1.000000 13.875972
v -1.272559 1.000000 16.252645
v -1.272559 -1.000000 16.252645
v 0.682495 1.000000 15.831026
v 0.682495 -1.000000 15.831026
vn -0.0000 1.0000 -0.0000
vn 0.9775 -0.0000 -0.2108
vn 0.2108 -0.0000 0.9775
vn -0.0000 -1.0000 -0.0000
vn -0.2108 -0.0000 -0.9775
vn -0.9775 -0.0000 0.2108
vt 0.625000 0.500000
vt 0.875000 0.500000
vt 0.875000 0.750000
vt 0.625000 0.750000
vt 0.375000 0.750000
vt 0.625000 1.000000
vt 0.375000 1.000000
vt 0.375000 0.000000
vt 0.625000 0.000000
vt 0.625000 0.250000
vt 0.375000 0.250000
vt 0.125000 0.500000
vt 0.375000 0.500000
vt 0.125000 0.750000
s 0
usemtl Material.036
f 249/435/187 253/436/187 255/437/187 251/438/187
f 252/439/188 251/438/188 255/440/188 256/441/188
f 256/442/189 255/443/189 253/444/189 254/445/189
f 254/446/190 250/447/190 252/439/190 256/448/190
f 250/447/191 249/435/191 251/438/191 252/439/191
f 254/445/192 253/444/192 249/435/192 250/447/192
o Cube.037
v 4.327767 1.000000 8.842526
v 4.327767 -1.000000 8.842526
v 6.298403 1.000000 9.183984
v 6.298403 -1.000000 9.183984
v 3.986310 1.000000 10.813163
v 3.986310 -1.000000 10.813163
v 5.956945 1.000000 11.154620
v 5.956945 -1.000000 11.154620
vn -0.0000 1.0000 -0.0000
vn 0.9853 -0.0000 0.1707
vn -0.1707 -0.0000 0.9853
vn -0.0000 -1.0000 -0.0000
vn 0.1707 -0.0000 -0.9853
vn -0.9853 -0.0000 -0.1707
vt 0.625000 0.500000
vt 0.875000 0.500000
vt 0.875000 0.750000
vt 0.625000 0.750000
vt 0.375000 0.750000
vt 0.625000 1.000000
vt 0.375000 1.000000
vt 0.375000 0.000000
vt 0.625000 0.000000
vt 0.625000 0.250000
vt 0.375000 0.250000
vt 0.125000 0.500000
vt 0.375000 0.500000
vt 0.125000 0.750000
s 0
usemtl Material.037
f 257/449/193 261/450/193 263/451/193 259/452/193
f 260/453/194 259/452/194 263/454/194 264/455/194
f 264/456/195 263/457/195 261/458/195 262/459/195
f 262/460/196 258/461/196 260/453/196 264/462/196
f 258/461/197 257/449/197 259/452/197 260/453/197
f 262/459/198 261/458/198 257/449/198 258/461/198
o Cube.038
v 8.472179 1.000000 16.076910
v 8.472179 -1.000000 16.076910
v 9.374876 1.000000 14.292213
v 9.374876 -1.000000 14.292213
v 10.256876 1.000000 16.979607
v 10.256876 -1.000000 16.979607
v 11.159573 1.000000 15.194910
v 11.159573 -1.000000 15.194910
vn -0.0000 1.0000 -0.0000
vn 0.4513 -0.0000 -0.8923
vn 0.8923 -0.0000 0.4513
vn -0.0000 -1.0000 -0.0000
vn -0.8923 -0.0000 -0.4513
vn -0.4513 -0.0000 0.8923
vt 0.625000 0.500000
vt 0.875000 0.500000
vt 0.875000 0.750000
vt 0.625000 0.750000
vt 0.375000 0.750000
vt 0.625000 1.000000
vt 0.375000 1.000000
vt 0.375000 0.000000
vt 0.625000 0.000000
vt 0.625000 0.250000
vt 0.375000 0.250000
vt 0.125000 0.500000
vt 0.375000 0.500000
vt 0.125000 0.750000
s 0
usemtl Material.038
f 265/463/199 269/464/199 271/465/199 267/466/199
f 268/467/200 267/466/200 271/468/200 272/469/200
f 272/470/201 271/471/201 269/472/201 270/473/201
f 270/474/202 266/475/202 268/467/202 272/476/202
f 266/475/203 265/463/203 267/466/203 268/467/203
f 270/473/204 269/472/204 265/463/204 266/475/204
o Cube.039
v 5.457916 1.000000 20.122606
v 5.457916 -1.000000 20.122606
v 4.746717 1.000000 21.991882
v 4.746717 -1.000000 21.991882
v 3.588640 1.000000 19.411407
v 3.588640 -1.000000 19.411407
v 2.877440 1.000000 21.280684
v 2.877440 -1.000000 21.280684
vn -0.0000 1.0000 -0.0000
vn -0.3556 -0.0000 0.9346
vn -0.9346 -0.0000 -0.3556
vn -0.0000 -1.0000 -0.0000
vn 0.9346 -0.0000 0.3556
vn 0.3556 -0.0000 -0.9346
vt 0.625000 0.500000
vt 0.875000 0.500000
vt 0.875000 0.750000
vt 0.625000 0.750000
vt 0.375000 0.750000
vt 0.625000 1.000000
vt 0.375000 1.000000
vt 0.375000 0.000000
vt 0.625000 0.000000
vt 0.625000 0.250000
vt 0.375000 0.250000
vt 0.125000 0.500000
vt 0.375000 0.500000
vt 0.125000 0.750000
s 0
usemtl Material.039
f 273/477/205 277/478/205 279/479/205 275/480/205
f 276/481/206 275/480/206 279/482/206 280/483/206
f 280/484/207 279/485/207 277/486/207 278/487/207
f 278/488/208 274/489/208 276/481/208 280/490/208
f 274/489/209 273/477/209 275/480/209 276/481/209
f 278/487/210 277/486/210 273/477/210 274/489/210
o Cube.040
v 0.425150 1.000000 6.881648
v 0.425150 -1.000000 6.881648
v 2.294427 1.000000 7.592848
v 2.294427 -1.000000 7.592848
v -0.286050 1.000000 8.750925
v -0.286050 -1.000000 8.750925
v 1.583227 1.000000 9.462125
v 1.583227 -1.000000 9.462125
vn -0.0000 1.0000 -0.0000
vn 0.9346 -0.0000 0.3556
vn -0.3556 -0.0000 0.9346
vn -0.0000 -1.0000 -0.0000
vn 0.3556 -0.0000 -0.9346
vn -0.9346 -0.0000 -0.3556
vt 0.625000 0.500000
vt 0.875000 0.500000
vt 0.875000 0.750000
vt 0.625000 0.750000
vt 0.375000 0.750000
vt 0.625000 1.000000
vt 0.375000 1.000000
vt 0.375000 0.000000
vt 0.625000 0.000000
vt 0.625000 0.250000
vt 0.375000 0.250000
vt 0.125000 0.500000
vt 0.375000 0.500000
vt 0.125000 0.750000
s 0
usemtl Material.040
f 281/491/211 285/492/211 287/493/211 283/494/211
f 284/495/212 283/494/212 287/496/212 288/497/212
f 288/498/213 287/499/213 285/500/213 286/501/213
f 286/502/214 282/503/214 284/495/214 288/504/214
f 282/503/215 281/491/215 283/494/215 284/495/215
f 286/501/216 285/500/216 281/491/216 282/503/216
o Cube.041
v 10.501499 1.000000 7.024280
v 10.501499 -1.000000 7.024280
v 8.501508 1.000000 7.030209
v 8.501508 -1.000000 7.030209
v 10.495570 1.000000 5.024289
v 10.495570 -1.000000 5.024289
v 8.495579 1.000000 5.030218
v 8.495579 -1.000000 5.030218
vn -0.0000 1.0000 -0.0000
vn -1.0000 -0.0000 0.0030
vn -0.0030 -0.0000 -1.0000
vn -0.0000 -1.0000 -0.0000
vn 0.0030 -0.0000 1.0000
vn 1.0000 -0.0000 -0.0030
vt 0.625000 0.500000
vt 0.875000 0.500000
vt 0.875000 0.750000
vt 0.625000 0.750000
vt 0.375000 0.750000
vt 0.625000 1.000000
vt 0.375000 1.000000
vt 0.375000 0.000000
vt 0.625000 0.000000
vt 0.625000 0.250000
vt 0.375000 0.250000
vt 0.125000 0.500000
vt 0.375000 0.500000
vt 0.125000 0.750000
s 0
usemtl Material.041
f 289/505/217 293/506/217 295/507/217 291/508/217
f 292/509/218 291/508/218 295/510/218 296/511/218
f 296/512/219 295/513/219 293/514/219 294/515/219
f 294/516/220 290/517/220 292/509/220 296/518/220
f 290/517/221 289/505/221 291/508/221 292/509/221
f 294/515/222 293/514/222 289/505/222 290/517/222
o Cube.042
v 13.256157 1.000000 1.428096
v 13.256157 -1.000000 1.428096
v 13.864004 1.000000 -0.477297
v 13.864004 -1.000000 -0.477297
v 15.161551 1.000000 2.035943
v 15.161551 -1.000000 2.035943
v 15.769398 1.000000 0.130550
v 15.769398 -1.000000 0.130550
vn -0.0000 1.0000 -0.0000
vn 0.3039 -0.0000 -0.9527
vn 0.9527 -0.0000 0.3039
vn -0.0000 -1.0000 -0.0000
vn -0.9527 -0.0000 -0.3039
vn -0.3039 -0.0000 0.9527
vt 0.625000 0.500000
vt 0.875000 0.500000
vt 0.875000 0.750000
vt 0.625000 0.750000
vt 0.375000 0.750000
vt 0.625000 1.000000
vt 0.375000 1.000000
vt 0.375000 0.000000
vt 0.625000 0.000000
vt 0.625000 0.250000
vt 0.375000 0.250000
vt 0.125000 0.500000
vt 0.375000 0.500000
vt 0.125000 0.750000
s 0
usemtl Material.042
f 297/519/223 301/520/223 303/521/223 299/522/223
f 300/523/224 299/522/224 303/524/224 304/525/224
f 304/526/225 303/527/225 301/528/225 302/529/225
f 302/530/226 298/531/226 300/523/226 304/532/226
f 298/531/227 297/519/227 299/522/227 300/523/227
f 302/529/228 301/528/228 297/519/228 298/531/228
o Cube.043
v 13.419335 1.000000 -5.005749
v 13.419335 -1.000000 -5.005749
v 12.489854 1.000000 -3.234855
v 12.489854 -1.000000 -3.234855
v 11.648442 1.000000 -5.935230
v 11.648442 -1.000000 -5.935230
v 10.718961 1.000000 -4.164337
v 10.718961 -1.000000 -4.164337
vn -0.0000 1.0000 -0.0000
vn -0.4647 -0.0000 0.8854
vn -0.8854 -0.0000 -0.4647
vn -0.0000 -1.0000 -0.0000
vn 0.8854 -0.0000 0.4647
vn 0.4647 -0.0000 -0.8854
vt 0.625000 0.500000
vt 0.875000 0.500000
vt 0.875000 0.750000
vt 0.625000 0.750000
vt 0.375000 0.750000
vt 0.625000 1.000000
vt 0.375000 1.000000
vt 0.375000 0.000000
vt 0.625000 0.000000
vt 0.625000 0.250000
vt 0.375000 0.250000
vt 0.125000 0.500000
vt 0.375000 0.500000
vt 0.125000 0.750000
s 0
usemtl Material.043
f 305/533/229 309/534/229 311/535/229 307/536/229
f 308/537/230 307/536/230 311/538/230 312/539/230
f 312/540/231 311/541/231 309/542/231 310/543/231
f 310/544/232 306/545/232 308/537/232 312/546/232
f 306/545/233 305/533/233 307/536/233 308/537/233
f 310/543/234 309/542/234 305/533/234 306/545/234
o Cube.044
v 11.456092 1.000000 2.851620
v 11.456092 -1.000000 2.851620
v 10.147398 1.000000 4.364008
v 10.147398 -1.000000 4.364008
v 9.943703 1.000000 1.542925
v 9.943703 -1.000000 1.542925
v 8.635009 1.000000 3.055314
v 8.635009 -1.000000 3.055314
vn -0.0000 1.0000 -0.0000
vn -0.6543 -0.0000 0.7562
vn -0.7562 -0.0000 -0.6543
